00000000000000000000000000000000000000`~~~~~~~~~~~~~~~~~~~~~~~~t~~~~~~~~~~~~~~~~~(00000000000000000000000000000000000000
00000000000000000000000000000000000000)!@@,@@@@,@@@,@@@q@@@,@@@q@@@,@@@@@@@@@@@@#-00000000000000000000000000000000000000
00000000000000000000000000000000000000)$bbbbbbbbbbbbbbbbbbbbbbbbbbbbbbbbbbbbbbbb%-00000000000000000000000000000000000000
00000000000000000000000000000000000000)$bbbbbbbbbbbbbbbbbbbbbbbbbbbbbbbbbbbbbbbb%-00000000000000000000000000000000000000
00000000000000000000000000000000000000)>bbbbbbbbbbbbbbbbbbbbbbbbbbbbbbbbbbbbbbbb<-00000000000000000000000000000000000000
00000000000000000000000000000000000000)$bbbbbbbbbbbbbbbbbbbbbbbbbbbbbbbbbbbbbbbb%-00000000000000000000000000000000000000
00000000000000000000000000000000000000)$bbbb12222222222222222222222222222223bbbb%-00000000000000000000000000000000000000
`~~~~~~~~~~~~~~~~~~~~~~~~~~~~~~~~~~~~~'$bbbb49999999999999999999999999999995bbbb%"~~~~~~~~~~~~~~~~~~~~~~~~~~~~~~~~~~~~~(
)!@@@@@@@@@@@@@@@@@@@@@@@@@,@@@@,@@@,@@[bbbb49999999999999999999999999999995bbbb]@@,@@@,@@@,@@@,@@@,@@@@@@@@,@@@@@@@@@#-
)$b495bbbbbbbbbbbbbbbbbbbbbbbbbbbbbbbbbbbbbb49999999999999999999999999999995bbbbbbbbbbbbbbbbbbbbbbbbbbbbbbbbbbbbbbbbbb%-
)>b123bbbbbbbbbbbbbbbbbbbbbbbbbbbbbbbbbbbbbb49999999999999999999999999999995bbbbbbbbbbbbbbbbbbbbbbbbbbbbbbbbbbbbbb123b<-
)$b495bbbbbbbbbbbbbbbbbbbbbbbbbbbbbbbbbbbbbb49999999999999999999999999999995bbbbbbbbbbbbbbbbbbbbbbbbbbbbbbbbbbbbbb495b%-
)$b495bbbbbbbbbbbbbbbbbbbbbbbbbbbbbbbbbbbbbb49999999999999999999999999999995bbbbbbbbbbbbbbbbbbbbbbbbbbbbbbbbbbbbbb495b%-
)$b495bbbbbbbbbbbbbbbbbbbbbbbbbbbbbbbbbbbbbb49999999999999999999999999999995bbbbbbbbbbbbbbbbbbbbbbbbbbbbbbbbbbbbbb495b%-
)$b495b{&&&.&&&.&&&.&&&.&&&.&&&.&.&&.&&}bbbb49999999999999999999999999999995bbbb{&&.&&&.&&&.&&&.&&&&&&&&.&&&.&&&}b495b%-
)>b495b%;+++++++++++++++++++++++++++++:$bbbb67777777777777777777777777777778bbbb%;+++++++++++++++++++++++++++++:$b495b<-
)$b495b%-00000000000000000000000000000)$bbbbbbbbbbbbbbbbbbbbbbbbbbbbbbbbbbbbbbbb%-00000000000000000000000000000)$b495b%-
)$b495b<-00000000000000000000000000000)>bbbbbbbbbbbbbbbbbbbbbbbbbbbbbbbbbbbbbbbb<-00000000000000000000000000000)>b495b%-
)$b495b%-00000000000000000000000000000)$bbbbbbbbbbbbbbbbbbbbbbbbbbbbbbbbbbbbbbbb%-00000000000000000000000000000)$b495b%-
)$b495b%-00000000000000000000000000000)$bbbbbbbbbbbbbbbbbbbbbbbbbbbbbbbbbbbbbbbb%-00000000000000000000000000000)>b495b%-
irb495b<-00000000000000000000000000000)^&&&.&e&.&&.&&&}bbb1223bbb{&&&.&&.&e&.&&&*-00000000000000000000000000000)$b495bwy
)$b495b%-00000000000000000000000000000_++++++u+++++++:$bbb4995bbb%;+++++++u++++++=00000000000000000000000000000)$b495b%-
)$b495b%"~~~~~~~~t~~~~~~~~~~~~~t~~~~~(000000000000000)$bbb4995bbb%-000000000000000`~~~~~~~~~~~~~~~t~~~t~~~~~~~~'$b495b%-
)$b495b]@@@,@@@,@q@,@@@,@,@@@,@q@,@@#-000000000000000)>bbb4995bbb<-000000000000000)!@@@,@@@,@q@,@q@@@@@@,@@@,@@@[b495b%-
)$b495bbbbbbbbbbbbbbbbbbbbbbbbbbbbbb%-000000000000000)$bbb4995bbb%-000000000000000)$bbbbbbbbbbbbbbbbbbbbbbbbbbbbbb495b%-
)>b495bbbbbbbbbbbbbbbbbbbbbbbbbbbbbb<-000000000000000)$bbb4995bbb%-000000000000000)>bbbbbbbbbbbbbbbbbbbbbbbbbbbbbb495b<-
)$b495bbbbbbbbbbbbbbbbbbbbbbbbbbbbbb%-000000000000000)>bbb4995bbb<-000000000000000)$bbbbbbbbbbbbbbbbbbbbbbbbbbbbbb495b%-
)$b495bbbbbbbbbbbbbbbbbbbbbbbbbbbbbb%-000000000000000)$bbb4995bbb%-000000000000000)$bbbbbbbbbbbbbbbbbbbbbbbbbbbbbb495b%-
)$b678bbbbbbbbbbbbbbbbbbbbbbbbbbbbbb<-000000000000000)$bbb4995bbb%-000000000000000)>bbbbbbbbbbbbbbbbbbbbbbbbbbbbbb678b%-
)$bbbbbbbbbbbbbbbbbbbbbbbbbbbbbbbbbb%-000000000000000)$bbb4995bbb%-000000000000000)$bbbbbbbbbbbbbbbbbbbbbbbbbbbbbbbbbb%-
)^&&e&&.&&&.&&&.&e&.&&&.&.&&&.&e&.&&*-000000000000000)$bbb4995bbb%-000000000000000)^&&&.&&&.&&&&&&e&.&e&.&&&.&&&.&&e&&*-
_+++u++++++++++++u+++++++++++++u+++++=000000000000000)$bbb4995bbb%-000000000000000_++++++++++u+++u+++++++++++++++++u+++=
00000000000000000000000000000000000000000000000000000)$bbb4995bbb%-00000000000000000000000000000000000000000000000000000
00000000000000000000000000000000000000000000000000000)$bbb4995bbb%-00000000000000000000000000000000000000000000000000000
00000000000000000000000000000000000000000000000000000)$bbb4995bbb%-00000000000000000000000000000000000000000000000000000
00000000000000000000000000000000000000000000000000000)$bbb4995bbb%-00000000000000000000000000000000000000000000000000000
00000000`~~~~~~~~~~~~~~~~~~~~~~~~~~~~~~~~~~~~~~~~~~~~'$bbb4995bbb%"~~~~~~~~~~~~~~~~~~~~~~~~~~~~~~~~~~~~~~~~~~~~(00000000
00000000)!@@@@@@@@@@@@@@@@@@@@@@@@@@@@@@@@@@@@@@@@@@@@[bbb4995bbb]@@@@@@@@@@@@@@@@@@@@@@@@@@@@@@@@@@@@@@@@@@@@#-00000000
00000000)$bbbbbbbbbbbbbbbbbbbbbbbbbbbbbbbbbbbbbbbbbbbbbbbb6778bbbbbbbbbbbbbbbbbbbbbbbbbbbbbbbbbbbbbbbbbbbbbbbb%-00000000
00000000)$bbbbbbbbbbbbbbbbbbbbbbbbbbbbbbbbbbbbbbbbbbbbbbbbbbbbbbbbbbbbbbbbbbbbbbbbbbbbbbbbbbbbbbbbbbbbbbbbbbbb%-00000000
00000000)$bbbbbbbbbbbbbbbbbbbbbbbbbbbbbbbbbbbbb{&&&&&&&&&&&&&&&&&&&&&&&&}bbbbbbbbbbbbbbbbbbbbbbbbbbbbbbbbbbbbb%-00000000
00000000)$bbbbbbbbbbbbbbbbbbbbbbbbbbbbbbbbbbbbb%;++++++++++++++++++++++:$bbbbbbbbbbbbbbbbbbbbbbbbbbbbbbbbbbbbb%-00000000
00000000)^&&&&&&&&&&&&&&&&&&&&&&&&&&&&&&&}bbbbb%-0000000000000000000000)$bbbbb{&&&&&&&&&&&&&&&&&&&&&&&&&&&&&&&*-00000000
00000000)!@@@@@@@@@@@@@@@@@@@@@@@@@@@@@@@[bbbbb%-0000000000000000000000)$bbbbb]@@@@@@@@@@@@@@@@@@@@@@@@@@@@@@@#-00000000
00000000)$bbbbbbbbbbbbbbbbbbbbbbbbbbbbbbbbbbbbb%-0000000000000000000000)$bbbbbbbbbbbbbbbbbbbbbbbbbbbbbbbbbbbbb%-00000000
00000000)$bbbbbbbbbbbbbbbbbbbbbbbbbbbbbbbbbbbbb%-0000000000000000000000)$bbbbbbbbbbbbbbbbbbbbbbbbbbbbbbbbbbbbb%-00000000
00000000)$bbbbb{&&&&&&&&&&&&&&&&&&&&&&&&&&&&&&&*-0000000000000000000000)^&&&&&&&&&&&&&&&&&&&&&&&&&&&&&&&}bbbbb%-00000000
00000000)$bbbbb]@@@@@@@@@@@@@@@@@@@@@@@@@@@@@@@#-0000000000000000000000)!@@@@@@@@@@@@@@@@@@@@@@@@@@@@@@@[bbbbb%-00000000
00000000)$bbbbbbbbbbbbbbbbbbbbbbbbbbbbbbbbbbbbb%-0000000000000000000000)$bbbbbbbbbbbbbbbbbbbbbbbbbbbbbbbbbbbbb%-00000000
00000000)$bbbbbbbbbbbbbbbbbbbbbbbbbbbbbbbbbbbbb%-0000000000000000000000)$bbbbbbbbbbbbbbbbbbbbbbbbbbbbbbbbbbbbb%-00000000
00000000)^&&&&&&&&&&&&&&&&&&&&&&&&&&&&&&&}bbbbb%-0000000000000000000000)$bbbbb{&&&&&&&&&&&&&&&&&&&&&&&&&&&&&&&*-00000000
00000000)!@@@@@@@@@@@@@@@@@@@@@@@@@@@@@@@[bbbbb%-0000000000000000000000)$bbbbb]@@@@@@@@@@@@@@@@@@@@@@@@@@@@@@@#-00000000
00000000)$bbbbbbbbbbbbbbbbbbbbbbbbbbbbbbbbbbbbb%-0000000000000000000000)$bbbbbbbbbbbbbbbbbbbbbbbbbbbbbbbbbbbbb%-00000000
00000000)$bbbbbbbbbbbbbbbbbbbbbbbbbbbbbbbbbbbbb%-0000000000000000000000)$bbbbbbbbbbbbbbbbbbbbbbbbbbbbbbbbbbbbb%-00000000
00000000)$bbbbb{&&&&&&&&&&&&&&&&&&&&&&&&&&&&&&&*-0000000000000000000000)^&&&&&&&&&&&&&&&&&&&&&&&&&&&&&&&}bbbbb%-00000000
00000000)$bbbbb]@@@@@@@@@@@@@@@@@@@@@@@@@@@@@@@#-0000000000000000000000)!@@@@@@@@@@@@@@@@@@@@@@@@@@@@@@@[bbbbb%-00000000
00000000)$bbbbbbbbbbbbbbbbbbbbbbbbbbbbbbbbbbbbb%-0000000000000000000000)$bbbbbbbbbbbbbbbbbbbbbbbbbbbbbbbbbbbbb%-00000000
00000000)$bbbbbbbbbbbbbbbbbbbbbbbbbbbbbbbbbbbbb%-0000000000000000000000)$bbbbbbbbbbbbbbbbbbbbbbbbbbbbbbbbbbbbb%-00000000
00000000)^&&&&&&&&&&&&&&&&&&&&&&&&&&&&&&&}bbbbb%-0000000000000000000000)$bbbbb{&&&&&&&&&&&&&&&&&&&&&&&&&&&&&&&*-00000000
00000000_+++++++++++++++++++++++++++++++:$bbbbb%-0000000000000000000000)$bbbbb%;+++++++++++++++++++++++++++++++=00000000
0000000000000000000000000000000000000000)$bbbbb%-0000000000000000000000)$bbbbb%-0000000000000000000000000000000000000000
0000000000000000000000000000000000000000)$bbbbb%-0000000000000000000000)$bbbbb%-0000000000000000000000000000000000000000
0000000000000000000000000000000000000000)$bbbbb%"~~~~~~~~~~~~~~~~~~~~~~'$bbbbb%-0000000000000000000000000000000000000000
0000`~~~~~~~~~~~~~~~~~~~~~~~~~~~~~~(0000)$bbbbb]@@@@@@@@@@@@@@@@@@@@@@@@[bbbbb%-0000`~~~~~~~~~~~~~~~~~~~~~~~~~~~~~~(0000
0000)!@@@@@@@@@@@@@@@@@@@@@@@@@@@@#-0000)$bbbbbbbbbbbbbbbbbbbbbbbbbbbbbbbbbbbb%-0000)!@@@@@@@@@@@@@@@@@@@@@@@@@@@@#-0000
